BONUS-Multiple size <= 100
TEST 1 ARG:26 81 65 71 40 1 90 76 43 97 84 14 3 82 50 94 17 18 15 80 49 70 28 13 20 48 10 35 86 77 22 87 29 8 11 78 31 96 37 95 16 67 64 89 25 53 68 45 39 61 52 38 88 51 32 0 59 57 2 44 75 30 98 73 42 54 72 63 41 23 79 21 7 83 34 60 69 5 4 99 91 92 93 46 6 56 24 36 12 85 33 9 66 58 19 27 47 55 74 62
TEST 2 ARG:33 9 12 15 96 92 86 82 32 67 75 58 80 39 95 87 10 16 68 54 74 42 26 62 3 17 63 55 5 77 36 98 56 53 99 29 60 7 64 28 85 50 25 21 23 69 41 52 94 81 8 46 18 88 70 57 71 93 13 14 30 76 1 48 38 83 78 90 37 22 66 19 47 20 6 43 91 49 89 4 51 79 73 97 40 45 65 59 24 84 31 35 61 11 0 34 44 27 72 2
TEST 3 ARG:41 14 60 55 13 31 88 48 30 39 0 8 43 69 26 52 10 16 44 19 64 33 57 12 99 15 46 84 32 92 25 63 1 5 4 6 20 85 96 74 78 67 24 59 28 22 75 56 94 62 97 66 9 79 83 90 73 76 51 87 49 65 45 36 18 91 81 72 35 37 86 34 98 29 42 68 71 80 23 89 3 17 61 2 70 50 7 53 11 54 21 27 40 47 58 38 95 77 93 82
TEST 4 ARG:41 95 9 42 89 79 20 48 10 15 65 1 88 27 35 0 94 18 69 92 14 49 37 57 11 13 23 44 83 50 19 70 6 28 68 84 96 46 5 32 64 12 93 73 61 4 17 56 87 26 7 8 51 29 55 31 39 40 52 3 80 90 76 78 77 62 72 58 21 66 81 75 24 16 30 59 22 63 53 86 43 91 60 99 85 97 98 45 47 34 71 67 38 54 36 82 33 2 25 74
TEST 5 ARG:3 60 80 10 66 30 48 21 82 36 15 45 39 47 46 33 29 17 96 28 37 56 85 93 20 64 77 19 41 32 68 40 73 5 70 18 57 78 87 76 61 4 86 69 65 13 97 23 55 25 49 6 72 54 14 75 89 11 31 79 9 2 53 99 58 84 42 63 16 50 95 91 81 26 44 38 92 98 7 67 22 43 12 27 71 35 8 34 59 90 52 0 94 51 88 1 24 62 74 83
TEST 6 ARG:28 85 46 68 77 10 62 87 34 36 1 80 95 4 19 59 63 72 98 18 0 69 67 84 52 33 20 60 8 3 70 93 38 86 48 82 65 57 43 99 51 35 94 66 9 50 45 11 5 96 79 56 58 73 71 97 2 39 78 31 32 27 54 40 37 61 16 25 14 88 24 92 22 12 75 53 26 7 41 90 91 49 47 83 74 44 42 64 17 81 76 13 21 55 6 29 23 15 89 30
TEST 7 ARG:98 15 85 95 70 84 44 92 69 0 3 58 31 67 78 39 12 60 43 66 64 89 30 52 63 75 38 2 21 77 34 32 53 19 65 59 5 80 28 74 4 26 57 22 36 99 25 40 33 24 27 14 10 96 73 87 17 97 88 83 6 48 49 41 1 9 61 91 68 37 47 7 18 45 29 42 94 35 23 56 46 13 50 11 62 8 72 20 90 54 51 55 93 16 79 76 81 71 82 86
TEST 8 ARG:46 79 7 67 83 1 5 45 39 50 47 72 11 97 15 9 19 69 95 53 30 75 4 89 21 35 77 40 0 96 33 42 91 58 36 74 93 44 24 80 48 84 59 68 82 20 6 38 23 26 62 13 73 28 86 31 22 51 14 63 56 85 70 29 99 87 16 32 34 78 27 57 90 43 98 65 8 52 12 64 10 61 18 3 25 76 94 81 55 41 92 54 2 71 88 49 60 66 37 17
TEST 9 ARG:99 35 2 19 80 11 84 20 41 83 57 77 74 14 71 63 96 61 24 98 26 66 25 85 23 22 62 93 92 88 18 52 56 81 17 34 43 4 94 8 0 79 47 86 54 32 64 28 1 89 48 29 6 21 10 5 9 7 12 42 78 68 53 55 72 73 31 36 82 40 16 15 30 95 90 69 13 51 58 70 87 60 3 76 49 97 67 39 65 46 45 59 37 50 27 38 33 91 44 75
TEST 10 ARG:89 47 21 9 90 20 81 96 22 84 14 63 23 48 32 66 39 58 33 76 11 83 49 25 60 72 86 28 94 80 0 12 15 95 46 3 40 56 85 78 8 75 97 5 19 54 24 73 29 4 16 13 35 45 10 82 26 53 42 59 55 77 99 52 93 37 57 1 69 38 34 64 70 62 98 31 50 67 6 61 87 88 92 27 51 36 71 2 43 18 65 41 44 7 17 30 79 74 91 68
TEST 11 ARG:69 33 68 25 99 36 88 37 44 22 76 13 23 40 59 64 86 75 79 5 78 81 48 31 93 52 83 24 12 77 41 46 11 54 87 55 96 49 66 20 15 94 60 27 89 32 30 45 73 57 72 62 61 92 2 35 65 90 19 16 39 74 58 9 42 18 29 21 4 53 71 97 80 91 85 56 43 82 3 8 10 17 14 98 6 84 63 47 34 7 50 0 70 51 26 1 38 67 95 28
TEST 12 ARG:52 78 91 81 22 41 35 39 48 38 97 47 68 36 59 69 74 84 60 64 46 88 56 96 42 37 57 98 92 51 1 12 83 63 7 77 43 79 49 5 34 76 85 40 67 32 10 94 29 75 89 17 54 66 90 15 14 33 8 65 31 28 2 4 73 45 25 87 70 26 72 62 23 6 11 93 30 9 86 19 3 18 53 20 99 0 21 44 16 80 27 95 58 24 61 50 55 13 82 71
TEST 13 ARG:36 90 60 41 73 2 66 10 42 46 91 79 29 93 17 44 57 62 50 22 97 12 53 49 56 88 19 4 81 33 84 80 65 85 54 63 8 45 26 11 5 78 61 34 82 14 74 30 21 31 69 6 47 23 72 20 55 99 94 1 70 83 13 58 39 48 75 16 43 52 7 15 32 76 92 40 86 67 35 28 59 25 77 71 38 64 96 68 3 27 24 0 37 87 89 51 9 95 98 18
TEST 14 ARG:41 44 76 67 20 73 40 54 33 50 69 75 81 21 42 82 84 45 13 35 92 47 37 4 38 51 24 77 88 99 80 93 70 19 62 16 60 97 22 27 32 71 55 48 29 90 14 87 78 83 56 94 57 7 10 2 9 65 63 66 8 26 31 3 18 23 36 58 30 46 79 15 49 1 61 17 25 39 72 5 95 89 59 6 11 68 12 64 28 43 96 86 98 0 34 74 53 91 85 52
TEST 15 ARG:60 80 98 82 66 94 88 8 42 86 30 11 62 75 53 24 25 33 61 47 83 2 92 16 43 50 64 78 68 26 49 1 44 18 40 81 63 36 79 7 34 31 38 45 99 0 69 91 9 77 65 27 96 73 46 4 74 23 70 71 15 6 3 19 29 5 10 17 93 89 28 76 56 52 85 67 21 97 39 59 72 37 41 54 95 57 35 90 14 22 87 48 55 20 32 13 58 84 51 12
TEST 16 ARG:96 59 6 28 39 50 24 11 95 13 4 70 73 42 49 55 81 12 35 92 5 30 90 85 98 19 7 53 91 34 32 51 29 79 54 27 2 17 52 74 80 64 18 76 10 99 83 47 40 26 84 25 33 44 72 93 68 62 82 41 38 8 1 78 75 65 94 57 69 77 23 9 67 45 63 56 14 71 20 97 86 16 61 36 22 31 46 48 58 21 88 60 89 15 66 43 87 0 37 3
TEST 17 ARG:9 2 51 87 78 59 31 44 53 43 72 28 99 13 77 96 39 98 23 17 27 25 5 8 0 60 56 24 47 3 85 33 7 58 68 64 97 88 10 61 91 35 38 81 48 82 4 6 26 83 37 92 41 55 40 11 42 46 80 20 19 70 69 52 75 95 89 32 71 66 73 67 63 36 65 93 94 62 21 14 12 30 74 76 90 29 15 84 45 57 16 86 18 50 22 34 54 49 79 1
TEST 18 ARG:3 39 62 17 71 26 10 42 93 30 28 54 24 92 82 16 96 46 84 27 98 9 57 91 34 61 97 55 36 37 19 58 50 40 64 14 83 35 18 95 20 23 72 89 25 70 78 5 43 73 99 11 2 8 44 33 0 63 60 49 32 75 6 68 47 76 4 56 77 29 13 74 85 45 66 51 38 65 7 87 88 22 15 52 67 48 86 80 90 59 69 53 1 41 79 94 31 12 81 21
TEST 19 ARG:0 18 24 38 84 33 49 72 2 53 32 90 73 71 15 42 26 75 51 89 50 76 88 48 80 52 6 27 23 58 25 97 91 56 29 83 14 36 19 22 43 7 31 93 81 20 85 82 87 96 5 95 3 21 79 44 47 11 94 45 74 34 54 77 99 13 65 78 46 8 86 37 16 59 66 1 62 92 40 60 68 28 61 98 9 64 55 17 67 30 70 69 39 41 63 35 12 4 10 57
TEST 20 ARG:26 7 56 59 9 91 41 35 75 3 94 44 67 85 31 40 60 23 88 79 12 47 72 63 65 17 46 16 1 87 38 57 37 83 96 74 6 73 0 22 32 61 86 93 51 52 89 95 36 71 68 81 33 77 2 8 90 58 4 48 99 62 5 92 78 82 20 80 11 49 64 70 84 24 10 34 25 18 39 55 50 97 15 28 53 29 19 69 13 14 21 76 42 30 43 98 66 45 54 27
TEST 21 ARG:62 71 83 50 7 9 99 31 11 73 35 47 3 1 55 60 58 56 53 28 92 36 43 91 39 87 10 17 94 26 74 6 84 46 44 66 78 82 81 54 0 48 4 69 16 75 14 85 20 2 12 19 21 61 38 23 93 89 65 18 64 33 32 68 24 57 13 96 29 40 41 5 25 70 22 67 79 52 97 42 49 8 34 88 63 77 86 90 27 95 80 98 59 15 37 30 76 72 51 45
TEST 22 ARG:77 23 78 22 94 91 90 61 82 35 60 30 70 86 9 93 27 4 62 56 44 32 81 12 3 19 18 74 83 41 66 67 58 85 75 31 95 37 1 55 57 28 98 14 11 45 97 16 20 26 49 53 21 99 29 84 2 25 39 65 69 43 5 72 33 47 40 7 96 0 71 6 51 52 34 79 36 15 24 68 59 46 89 8 10 38 88 64 73 50 13 17 42 87 63 76 92 80 48 54
TEST 23 ARG:32 11 49 37 76 31 95 29 73 26 9 19 3 66 83 84 25 14 52 94 10 34 81 63 41 39 7 43 16 62 79 60 77 0 30 85 12 72 89 92 67 78 17 44 82 36 38 5 90 74 71 6 8 24 42 55 35 59 98 93 68 20 1 56 13 50 65 58 4 97 57 22 86 69 53 15 80 48 96 64 87 47 88 61 40 21 70 45 23 51 28 54 33 46 18 75 2 91 27 99
TEST 24 ARG:11 65 8 36 87 58 29 39 83 34 98 94 76 50 33 59 47 41 62 27 45 21 55 60 44 30 78 23 92 42 82 3 14 71 12 53 84 0 64 38 19 68 70 35 24 2 18 9 61 95 54 16 88 43 91 96 66 77 37 93 49 22 67 72 63 4 25 7 5 40 80 46 52 28 26 85 1 75 73 81 97 57 17 15 48 51 13 89 6 56 99 31 32 10 86 79 90 69 20 74
TEST 25 ARG:85 90 27 88 38 15 70 53 80 14 77 94 89 37 55 28 87 59 49 79 73 97 13 7 52 42 71 32 56 22 29 26 6 24 9 81 93 76 95 8 21 35 62 40 30 66 18 43 31 34 65 74 83 3 50 69 17 23 60 47 20 39 11 86 48 1 99 54 64 96 63 36 84 2 67 91 57 4 33 16 75 98 0 58 45 92 41 82 46 51 12 5 44 61 10 25 68 72 78 19
TEST 26 ARG:32 52 71 31 20 3 80 70 88 4 42 47 48 66 25 85 63 95 89 7 73 44 19 30 1 0 83 90 10 54 81 97 27 21 72 57 76 67 15 98 26 2 28 91 58 37 51 18 43 99 64 77 59 6 12 49 62 53 92 60 65 8 93 24 29 74 41 87 69 84 61 33 82 13 9 40 75 96 16 22 23 56 5 11 86 78 35 46 17 39 55 45 14 34 36 38 68 50 79 94
TEST 27 ARG:80 27 94 79 4 92 75 96 57 33 25 0 41 2 51 67 98 11 21 64 23 5 87 49 35 16 56 99 60 89 32 48 24 65 78 54 20 77 1 81 6 38 15 95 14 12 88 71 86 72 22 46 82 31 90 61 30 36 10 84 93 3 83 73 85 39 28 45 74 18 53 37 69 70 34 91 58 19 63 13 55 42 44 50 76 26 8 47 97 29 43 9 17 66 52 7 62 59 68 40
