100 números:
"42 95 100 83 66 72 17 64 6 92 2 81 48 84 91 10 76 77 59 99 36 45 80 87 56 71 38 69 25 5 94 11 40 4 73 23 74 24 68 26 3 44 37 57 14 12 65 93 86 88 55 18 67 70 47 19 82 53 22 43 28 75 34 16 29 32 54 96 58 98 46 15 61 89 20 33 27 30 97 52 41" | wc -l

200 números:
"212 142 118 143 266 65  256  82 192 265  17 104 155 206 6  159 280 204  102 11  165 194 94 133 290  293 71 15 73  231 32 41 158 262 282  288 161 137 21 259  27 189 248 171 101  151  66  160  237  76  273  214 281 108 121  220 272 203 173  274  86 16 139 277 110  258 278 2 227 123  174 36 215 63 183  193 126 26 205  51  250 34 103 79 45  208 297 22 235  191  252  195 93 81 254  115  167 127 74 147  57 232 234 80 4 62 295 225 135  211  37  185  223  140 28 90 186 217 247 246 180 1 134 283 294 222 243 132 209 187 38 152 18 68 276 30 286 216 53 141 264 300 100 184 176  292 8 25 164 13 229 263 89 163 245 58 14 172 275 144 77 10 255 201 95 61 207 120 85 242 196 83 240 54 97 55 285 298 5 210 35 261 213 46 29 153 175 7 111 145 116 284 138 270  105 218 43 241 244 291" | wc -l

500 números:

"688 927 649 673 530 432 115 105 143 878 636 552 664 247 142 61 976 322 426 801 884 677 444 283 155 810 187 419 265 621 977 598 627 852 109 292 324 170 734 506 63 834 404 278 508 543 647 628 410 541 858 249 451 536 40 494 595 772 849 366 48 222 447 616 282 788 348 727 642 333 487 534 523 154 202 902 638 549 822 990 323 743 169 943 531 35 129 612 629 856 102 540 19 761 108 840 944 776 471 242 456 512 998 786 44 891 952 164 42 16 597 315 959 236 141 182 412 659 133 467 829 697 920 446 416 554 351 539 463 555 558 779 917 929 768 683 970 575 731 138 545 217 110 448 806 954 251 645 500 145 748 450 491 936 568 835 181 528 641 695 107 752 393 442 984 232 378 509 658 352 525 259 678 30 519 357 6 460 706 513 804 226 832 861 717 742 680 21 643 106 844 544 846 950 693 653 244 730 364 550 266 260 569 754 17 288 281 474 909 330 116 377 210 622 101 392 590 887 363 400 418 73 457 853 816 712 372 973 368 762 538 405 132 780 594 413 65 23 228 434 791 895 889 660 599 80 983 389 22 313 631 179 214 866 792 308 84 488 264 358 297 130 992 326 87 233 350 815 910 111 498 12 924 455 151 286 173 879 698 573 234 818 465 280 517 314 708 576 295 966 76 220 189 227 166 919 726 881 648 136 248 204 88 827 581 468 93 149 993 78 760 443 195 502 211 409 343 347 254 277 43 440 454 812 479 875 162 938 686 482 843 883 147 477 197 284 92 441 563 572 294 345 317 885 739 311 246 353 880 374 516 316 957 942 561 152 690 685 424 9 290 841 429 395 511 606 789 777 394 830 293 548 610 303 871 546 472 797 406 591 905 503 417 82 921 580 27 585 51 803 269 39 981 813 646 360 180 183 691 198 270 790 60 588 758 346 285 428 47 614 301 411 268 349 807 231 820 66 334 615 547 369 869 724 144 965 868 69 505 689 837 850 567 848 476 475 481 318 696 124 3 767 458 225 609 986 825 671 98 886 186 765 185 485 137 206 605 914 354 178 912 18 229 59 466 320 68 896 161 148 306 339 45 933 461 184 979 8 874 272 997 31 682 721 930 587 774 632 656 139 328 370 205 120 756 172 28 11 497 -240" | wc -l 

1000 números:

"1574 470 1599 1868 1717 1672 1737 350 1798 160 1378 356 1165 1166 1908 837 1587 247 368 1877 1403 1723 225 1198 1286 314 1203 1803 552 101 1775 72 332 1881 848 1202 510 321 1281 1808 239 753 64 1143 1566 30 129 671 46 1836 600 191 1703 84 1618 411 684 165 575 183 919 405 718 1302 881 1296 1181 1540 531 1106 487 1000 259 254 29 861 213 1605 1972 1162 1539 1998 1704 117 109 1158 592 1434 74 1376 786 910 24 1795 794 491 1130 714 223 222 1439 630 1051 928 450 1238 400 835 589 440 1369 649 1953 849 319 1309 776 147 602 691 26 527 1576 83 205 1455 792 761 169 1267 779 1903 1071 518 1213 1279 842 556 304 1890 1282 1673 1666 228 70 1338 1410 375 672 1293 1326 78 1740 1443 1783 1982 1708 966 1241 340 185 896 655 1142 362 722 1196 395 745 67 1919 1219 832 1010 701 925 551 1535 564 1915 719 1089 359 1636 243 899 1787 499 1954 277 1368 1550 946 472 1641 1797 1563 227 90 1405 1516 79 901 721 1139 999 44 341 1036 427 1394 1830 1476 1509 330 604 1940 1079 1513 765 683 1474 639 1557 1657 658 637 1483 1543 674 96 1216 481 609 108 947 955 419 203 583 312 1852 574 62 1383 1258 567 413 328 617 1668 771 850 161 1231 1987 1098 1904 730 322 1850 1327 980 198 985 43 1995 1765 1530 1600 246 208 1753 1847 1964 1431 482 193 825 1292 1066 886 483 297 217 1324 1735 1815 1505 726 471 146 1969 155 306 1951 1713 863 514 345 1175 960 1061 506 1260 852 1129 1612 490 112 1958 1082 392 777 1536 1072 1393 1752 1790 778 372 700 278 1254 410 158 270 1771 1949 555 1827 1913 859 136 708 1300 495 17 1387 974 1034 452 442 1622 924 538 1092 829 1343 318 1274 1039 18 51 1134 1199 1475 1776 1217 454 1126 1421 585 667 505 1285 814 1221 194 1026 121 1084 381 1224 693 796 1351 1081 548 1352 1059 353 148 274 902 1971 866 40 493 1489 529 1938 69 577 1167 1391 47 374 981 524 1698 173 1458 1433 1744 1688 244 1033 1643 1581 542 286 1070 646 933 475 1055 1501 635 1777 1390 1920 1997 8 423 1011 281 1767 111 265 1526 1014 912 883 53 1370 729 702 287 1749 1068 528 391 614 1 39 1291 92 727 1524 862 1048 845 190 865 1947 63 929 1936 1620 1333 1023 1074 1007 1452 320 843 666 195 1459 1896 66 1642 972 1742 979 385 142 94 1128 1528 1420 1518 1794 540 1065 1680 1233 1041 343 615 1789 961 1646 479 875 1435 1532 85 414 282 235 874 5 415 520 1102 638 908 140 1287 1386 891 1446 258 990 741 1346 941 636 1900 236 1052 744 396 1184 1633 486 388 154 834 1331 257 766 1113 1005 93 458 1188 164 1469 398 35 1277 661 781 659 1427 432 1460 1512 1893 780 1811 1347 1179 456 298 157 430 884 1280 1002 1311 1874 125 1529 1931 1700 738 1712 463 1854 189 1078 1892 1726 775 1799 1898 1211 1045 1206 91 1637 1447 894 988 1941 984 789 1645 1624 1388 21 1278 106 783 579 1244 1411 1493 10 20 688 1372 1588 1397 1016 517 1975 603 14 1124 1120 568 502 871 1085 839 1189 460 1928 1075 333 16 1136 444 212 1401 807 465 1077 860 654 1299 9 1976 734 711 1159 1910 774 132 1414 938 1265 1067 33 959 652 1152 271 1432 110 1044 1239 1750 1756 1339 1345 1481 747 41 133 784 971 1315 1807 344 1243 1400 1922 873 1760 1580 949 107 478 969 1709 989 59 1999 105 428 631 1993 1334 543 1467 429 613 1027 1382 830 1991 817 1218 1448 251 1191 1140 48 1035 100 1111 1736 864 1270 204 1818 50 172 800 1585 1687 1004 596 931 1604 130 19 406 1554 1527 1613 115 420 113 214 1732 1377 629 474 762 135 1222 397 1340 369 1917 1930 1635 619 1577 709 653 122 1838 1354 1466 819 805 559 2 1086 382 633 124 168 315 441 1115 1236 898 199 913 1507 272 1227 1955 434 1416 937 1627 1418 735 1834 545 422 739 86 1209 1043 1837 22 1510 1329 1069 60 680 770 1379 248 1640 1013 1441 468 1533 1710 1597 1730 1677 402 118 1520 75 544 764 1589 1907 584 831 42 1573 1186 1138 645 1437 1572 1684 1876 1918 998 1537 1473 1232 1748 1337 1616 963 1828 788 533 126 485 1826 1996 1164 1711 61 1225 480 622 1517 713 512 1127 1957 1484 1261 1021 49 1631 1716 1348 687 1477 1895 255 1845 462 484 952 119 338 732 1028 1846 553 1733 263 347 211 1985 1122 698 1858 757 1223 1796 324 379 32 1968 657 1097 31 1556 89 1820 1962 1037 1652 1549 221 1341 798 889 1785 1008 752 1413 1623 1215 1318 1994 1289 806 276 876 1739 1601 1786 1606 323 1541 445 569 232 909 808 802 408 1271 1570 1110 926 1364 1486 905 167 131 1763 1197 293 1848 1290 534 230 641 1861 742 197 1214 196 532 1522 754 1176 1906 677 116 597 1747 1880 954 993 1046 885 1100 1425 1180 1810 621 697 1560 973 1494 1195 1578 717 1088 1835 750 1626 1791 1981 1056 308 690 404 1800 273 1628 1173 1755 1105 1253 1487 1860 1024 1562 182 1602 1178 976 1117 1237" | wc -l 
